-5506044849922927899 0.0 4157723625914964692
-7331851890390153830 0.36 2303873287590812182
3210833640957600732 0.0 3932268854322928381
366290603791697157 0.0 5062133061996790853
-7727956248049307069 0.0 -5039151355579270738
-7727956248049307069 0.0 5062133061996790853
-36496784589524382 0.0 7856928440096580569
-36496784589524382 0.0 -245500154715573595
4880238106108922765 0.0 -7182414474387451974
-550721280222840766 0.0 3316889055420096807
4713151426472840254 0.0 4203543951450371512
4713151426472840254 0.32 -7158507520580413418
4713151426472840254 0.32 -3883733772329182565
-7894441541100744883 0.0 7856928440096580569
-7894441541100744883 0.0 -245500154715573595
-5351524959105206457 0.27 -8382669775757519595
-6440362310520338991 0.27 2910247826151044240
-6440362310520338991 0.27 2069705109755268910
4915662126560104325 0.45 4713151426472840254
-1731222014956327973 0.45 4713151426472840254
4915662126560104325 0.27 4203543951450371512
-1731222014956327973 0.27 4203543951450371512
-3909997720311530472 0.0 230702861286322083
-5283064959455863044 0.0 -3074005185498934175
-4565125333992415756 0.0 -2619078463670331337
-8326016602046357144 0.0 8890335174833976882
-8326016602046357144 0.0 5081521071661536368
-266609275454942983 0.27 -7207291728603595786
-8340047143337314533 0.27 -7207291728603595786
6801530043529943021 0.0 2303873287590812182
-1631176531175101184 0.32 6898414785438692979
6893590770581457408 0.0 -838219888349217765
5544886285481044592 0.0 3316889055420096807
-1180088724435522210 0.0 4157723625914964692
933381232217128035 0.32 6898414785438692979
2433234589004473301 0.0 4203543951450371512
-3408755629416261468 0.36 -5173201240070299547
6877924371351096312 0.36 -5173201240070299547
-2529965149533235321 0.0 8890335174833976882
-2529965149533235321 0.0 5081521071661536368
-7648064224824073997 0.0 -838219888349217765
5216990517199547953 0.0 2421331641472493136
8088323781220459123 0.27 363269418745558698
-3165930543689786171 0.27 363269418745558698
7609033242650518577 0.0 5062133061996790853
4631390864675987457 0.0 5329080973000404426
2524358589285306567 0.27 8507502295738231305
2524358589285306567 0.27 8364478655701592884
-3087967618764878269 0.0 4203543951450371512
-1723775507307339678 0.0 230702861286322083
-1723775507307339678 0.0 3316889055420096807
