4227367412149187603 0.27 6989549027793012848
7879898377834738667 0.32 4952867517011148216
3358475542565139373 0.27 2921400352572741115
3358475542565139373 0.27 1028021396343470898
9119364244833456596 0.27 2921400352572741115
9119364244833456596 0.27 1028021396343470898
8220937909204965299 0.36 2608142472732574791
7755452233770618804 0.27 3331966994774408042
1297641961026266461 0.27 8932540274487128638
3940671536949780018 0.27 8932540274487128638
1297641961026266461 0.27 5544858238805478419
1297641961026266461 0.27 1992693318747079712
3940671536949780018 0.27 5544858238805478419
3940671536949780018 0.27 1992693318747079712
7285671385397603368 0.32 3835429383204399596
969164042839761640 0.27 251860561273171037
757775465041849074 0.32 6989549027793012848
236027889954417275 0.27 6027550679644430475
236027889954417275 0.27 5745382256265873086
7930874827313830775 0.27 6027550679644430475
7930874827313830775 0.27 5745382256265873086
8003516180163961688 0.27 3625515309166639859
8003516180163961688 0.27 9068282813880817423
8003516180163961688 0.27 6027550679644430475
8003516180163961688 0.27 5745382256265873086
8003516180163961688 0.27 7295181379407936443
